shape_id,shape_pt_lat,shape_pt_lon,shape_pt_sequence,shape_dist_traveled
10867637:1,35.28292800,-120.66243000,0,0.00000000
10867637:1,35.28295135,-120.66239166,1,4.34207865
10867637:1,35.28264999,-120.66218567,2,42.71553794
10867637:1,35.28349304,-120.66075134,3,203.14578449
10867637:1,35.28258896,-120.65995026,4,327.21639679
10867637:1,35.28332138,-120.65866852,5,469.23174351
10867637:1,35.28332138,-120.65866852,6,469.23174351
10867637:1,35.28580093,-120.65499115,7,902.16505640
10867637:1,35.28580475,-120.65499115,8,902.58923138
10867637:1,35.28659058,-120.65384674,9,1038.32767733
10867637:1,35.28718185,-120.65321350,10,1125.65567936
10867637:1,35.28718185,-120.65321350,11,1125.65567936
10867637:1,35.28863144,-120.65164948,12,1340.44140826
10867637:1,35.28937912,-120.65232849,13,1443.93126466
10867637:1,35.28937912,-120.65232849,14,1443.93126466
10867637:1,35.29026031,-120.65308380,15,1563.51595913
10867637:1,35.29108047,-120.65312195,16,1654.77927763
10867637:1,35.29127121,-120.65310669,17,1676.03319408
10867637:1,35.29127121,-120.65310669,18,1676.03319408
10867637:1,35.29407120,-120.65308380,19,1987.38456114
10867637:1,35.29407120,-120.65308380,20,1987.38456114
10867637:1,35.29623032,-120.65306091,21,2227.47658742
10867637:1,35.29700089,-120.65331268,22,2316.15420962
10867637:1,35.29727936,-120.65357971,23,2355.47462527
10867637:1,35.29933167,-120.65653229,24,2707.43599735
10867637:1,35.30017090,-120.65718079,25,2817.76214633
10867637:1,35.30031967,-120.65753174,26,2853.65113949
10867637:1,35.30031967,-120.65753174,27,2853.65113949
10867637:1,35.30044174,-120.65808105,28,2905.31648236
10867637:1,35.30110931,-120.65802002,29,2979.75346747
10867637:1,35.30136108,-120.65805054,30,3007.88566517
10867637:1,35.30152893,-120.65814972,31,3028.60631733
10867637:1,35.30247116,-120.65886688,32,3151.94556972
10867637:1,35.30266953,-120.65917969,33,3187.89409595
10867637:1,35.30282974,-120.65956879,34,3227.44356549
10867637:1,35.30287933,-120.65988922,35,3257.04032100
10867637:1,35.30284119,-120.66043854,36,3307.06936453
10867637:1,35.30228043,-120.66349030,37,3590.94150568
10867637:1,35.30226898,-120.66356659,38,3597.98098630
10867637:1,35.30226898,-120.66356659,39,3597.98098630
10867637:1,35.30211258,-120.66448212,40,3682.86386207
10867637:1,35.30206680,-120.66458893,41,3693.81201634
10867637:1,35.30189133,-120.66542053,42,3771.76017336
10867637:1,35.30170059,-120.66638947,43,3862.21089727
10867637:1,35.30221939,-120.66638947,44,3919.89869490
10867637:1,35.30271912,-120.66655731,45,3977.51542016
10867637:1,35.30260086,-120.66687012,46,4008.79938563
10867637:1,35.30247116,-120.66755676,47,4072.75796538
10867637:1,35.30247116,-120.66755676,48,4072.75796538
10867637:1,35.30231857,-120.66813660,49,4128.04444267
10867637:1,35.30197144,-120.66870117,50,4192.19178346
10867637:1,35.30054092,-120.67008972,51,4395.12095678
10867637:1,35.29975891,-120.67073059,52,4499.73353979
10867637:1,35.29928970,-120.67099762,53,4557.26022717
10867637:1,35.29895020,-120.67147064,54,4614.42617099
10867637:1,35.29888916,-120.67170715,55,4636.93736574
10867637:1,35.29885101,-120.67263794,56,4721.51415576
10867637:1,35.29880142,-120.67288208,57,4744.34621947
10867637:1,35.29813004,-120.67453766,58,4912.11856721
10867637:1,35.29804993,-120.67494965,59,4950.55390121
10867637:1,35.29804993,-120.67549896,60,5000.40576382
10867637:1,35.29821014,-120.67639160,61,5083.35078534
10867637:1,35.29822922,-120.67774963,62,5206.61365674
10867637:1,35.29822922,-120.67774963,63,5206.61365674
10867637:1,35.29822922,-120.67839813,64,5265.46641972
10867637:1,35.29827118,-120.68070984,65,5475.31103586
10867637:1,35.29827118,-120.68070984,66,5475.31103586
10867637:1,35.29825974,-120.68350983,67,5729.41956732
10867637:1,35.29790900,-120.68356300,68,5768.71694362
10867637:1,35.29790878,-120.68350983,69,5773.54262837
10867637:1,35.29443112,-120.68356991,70,6160.27966365
10867637:1,35.29415131,-120.68350983,71,6191.86762530
10867637:1,35.29415131,-120.68208313,72,6321.35022781
10867637:1,35.29415131,-120.68208313,73,6321.35022781
10867637:1,35.29415131,-120.67800140,74,6691.79510665
10867637:1,35.29288864,-120.67801666,75,6832.20385546
10867637:1,35.29290009,-120.67746735,76,6882.07513137
10867637:1,35.29290009,-120.67746735,77,6882.07513137
10867637:1,35.29290009,-120.67485809,78,7118.88654639
10867637:1,35.29280090,-120.67436218,79,7165.22608700
10867637:1,35.29277039,-120.67402649,80,7195.88149085
10867637:1,35.29277039,-120.67402649,81,7195.88149085
10867637:1,35.29278183,-120.67172241,82,7404.99985646
10867637:1,35.29410172,-120.67167664,83,7551.82319155
10867637:1,35.29407883,-120.66989899,84,7713.17732397
10867637:1,35.29407883,-120.66989899,85,7713.17732397
10867637:1,35.29405975,-120.66805267,86,7880.75663604
10867637:1,35.29312134,-120.66767883,87,7990.48116180
10867637:1,35.29312134,-120.66767883,88,7990.48116180
10867637:1,35.29240036,-120.66744232,89,8073.47419415
10867637:1,35.29061127,-120.66693115,90,8277.75030108
10867637:1,35.29005814,-120.66658020,91,8347.01439050
10867637:1,35.29005814,-120.66658020,92,8347.01439050
10867637:1,35.28971863,-120.66629028,93,8393.03149743
10867637:1,35.28966904,-120.66616821,94,8405.40723580
10867637:1,35.28591156,-120.66285706,95,8920.07982666
10867637:1,35.28434753,-120.66148376,96,9134.04899467
10867637:1,35.28347015,-120.66284180,97,9291.25144534
10867637:1,35.28306961,-120.66249084,98,9346.00952248
10867637:1,35.28295135,-120.66239166,99,9361.94552035
10867637:1,35.28292800,-120.66243000,100,9366.28759900
10867636:1,35.28292800,-120.66243000,0,0.00000000
10867636:1,35.28264618,-120.66211700,1,42.29854653
10867636:1,35.28348923,-120.66071320,2,200.48911105
10867636:1,35.28433609,-120.66144562,3,315.75873548
10867636:1,35.28513718,-120.66220093,4,428.16340308
10867636:1,35.28591156,-120.66285706,5,532.85935874
10867636:1,35.28908920,-120.66568756,6,969.72299149
10867636:1,35.28939056,-120.66593933,7,1010.28267897
10867636:1,35.28939056,-120.66593933,8,1010.28267897
10867636:1,35.29037094,-120.66667938,9,1138.32724317
10867636:1,35.29153824,-120.66706085,10,1272.66306148
10867636:1,35.29153824,-120.66706085,11,1272.66306148
10867636:1,35.29339981,-120.66757202,12,1484.79566693
10867636:1,35.29405975,-120.66783905,13,1562.07622859
10867636:1,35.29407883,-120.67018127,14,1774.66006650
10867636:1,35.29407120,-120.67018127,15,1775.50841646
10867636:1,35.29407120,-120.67047119,16,1801.82041521
10867636:1,35.29410934,-120.67372131,17,2096.82219710
10867636:1,35.29410934,-120.67372131,18,2096.82219710
10867636:1,35.29410934,-120.67523956,19,2234.61391506
10867636:1,35.29412842,-120.67701721,20,2395.96185734
10867636:1,35.29412842,-120.67701721,21,2395.96185734
10867636:1,35.29415131,-120.67800140,22,2485.32034367
10867636:1,35.29288864,-120.67801666,23,2625.72909248
10867636:1,35.29290009,-120.67746735,24,2675.60036838
10867636:1,35.29290009,-120.67746735,25,2675.60036838
10867636:1,35.29290009,-120.67485809,26,2912.41178341
10867636:1,35.29280090,-120.67436218,27,2958.75132402
10867636:1,35.29277039,-120.67402649,28,2989.40672787
10867636:1,35.29277039,-120.67402649,29,2989.40672787
10867636:1,35.29278183,-120.67172241,30,3198.52509347
10867636:1,35.29410172,-120.67167664,31,3345.34842856
10867636:1,35.29415131,-120.68276978,32,4352.14300416
10867636:1,35.29415131,-120.68276978,33,4352.14300416
10867636:1,35.29415131,-120.68350983,34,4419.30777658
10867636:1,35.29825974,-120.68350983,35,4876.14423287
10867636:1,35.29827118,-120.68000031,36,5194.64393786
10867636:1,35.29822922,-120.67778778,37,5395.48987058
10867636:1,35.29822922,-120.67778778,38,5395.48987058
10867636:1,35.29821014,-120.67639160,39,5522.21417113
10867636:1,35.29804993,-120.67549896,40,5605.15919265
10867636:1,35.29804993,-120.67494965,41,5655.01105526
10867636:1,35.29813004,-120.67453766,42,5693.44638926
10867636:1,35.29880142,-120.67288208,43,5861.21873701
10867636:1,35.29885101,-120.67263794,44,5884.05080071
10867636:1,35.29888916,-120.67170715,45,5968.62759073
10867636:1,35.29895020,-120.67147064,46,5991.13878549
10867636:1,35.29928970,-120.67099762,47,6048.30472931
10867636:1,35.29975891,-120.67073059,48,6105.83141668
10867636:1,35.30054092,-120.67008972,49,6210.44399969
10867636:1,35.30213928,-120.66848755,50,6440.06873579
10867636:1,35.30242157,-120.66780853,51,6509.22214749
10867636:1,35.30260086,-120.66687012,52,6596.68352119
10867636:1,35.30287933,-120.66609955,53,6673.15970709
10867636:1,35.30305862,-120.66529846,54,6748.54002629
10867636:1,35.30366898,-120.66446686,55,6850.03418986
10867636:1,35.30382919,-120.66403961,56,6892.70235681
10867636:1,35.30395126,-120.66349030,57,6944.36561353
10867636:1,35.30234909,-120.66304779,58,7126.98862516
10867636:1,35.30229433,-120.66324281,59,7145.70412998
10867636:1,35.30284119,-120.66043854,60,7407.34859401
10867636:1,35.30287933,-120.65988922,61,7457.37763755
10867636:1,35.30284119,-120.65960693,62,7483.34324269
10867636:1,35.30276871,-120.65940094,63,7503.69991354
10867636:1,35.30266953,-120.65917969,64,7526.60750081
10867636:1,35.30247116,-120.65886688,65,7562.55602704
10867636:1,35.30184174,-120.65834808,66,7646.90625883
10867636:1,35.30136108,-120.65805054,67,7706.78599679
10867636:1,35.30089188,-120.65801239,68,7759.07424183
10867636:1,35.30044174,-120.65808105,69,7809.51327864
10867636:1,35.30036926,-120.65773010,70,7842.36603333
10867636:1,35.30036926,-120.65773010,71,7842.36603333
10867636:1,35.30033875,-120.65756989,72,7857.29648562
10867636:1,35.30017090,-120.65718079,73,7897.23624555
10867636:1,35.29933167,-120.65653229,74,8007.56239453
10867636:1,35.29727936,-120.65357971,75,8359.52376661
10867636:1,35.29700089,-120.65331268,76,8398.84418226
10867636:1,35.29648972,-120.65312958,77,8458.06297962
10867636:1,35.29600143,-120.65322876,78,8513.09845724
10867636:1,35.29431152,-120.65322113,79,8701.00925024
10867636:1,35.29431152,-120.65322113,80,8701.00925024
10867636:1,35.29109955,-120.65325928,81,9058.18136583
10867636:1,35.29109955,-120.65325928,82,9058.18136583
10867636:1,35.29040909,-120.65323639,83,9134.98513634
10867636:1,35.29021835,-120.65316772,84,9157.09056196
10867636:1,35.28921890,-120.65232849,85,9291.82237940
10867636:1,35.28921890,-120.65232849,86,9291.82237940
10867636:1,35.28852844,-120.65174866,87,9384.90376609
10867636:1,35.28726959,-120.65309906,88,9570.95927013
10867636:1,35.28726959,-120.65309906,89,9570.95927013
10867636:1,35.28659058,-120.65384674,90,9672.47845743
10867636:1,35.28591919,-120.65482330,91,9788.36682306
10867636:1,35.28591919,-120.65482330,92,9788.36682306
10867636:1,35.28379059,-120.65794373,93,10157.47737713
10867636:1,35.28350067,-120.65837860,94,10208.44175260
10867636:1,35.28350067,-120.65837860,95,10208.44175260
10867636:1,35.28339005,-120.65854645,96,10228.02311216
10867636:1,35.28264236,-120.65994263,97,10379.59012129
10867636:1,35.28348541,-120.66069794,98,10495.72807873
10867636:1,35.28432465,-120.66143036,99,10610.30571164
10867636:1,35.28350449,-120.66286469,100,10769.26114181
10867636:1,35.28292800,-120.66243000,101,10844.53321361
10866849:1,35.28292800,-120.66243000,0,0.00000000
10866849:1,35.28295135,-120.66239166,1,4.34207865
10866849:1,35.28348923,-120.66287231,2,78.37255966
10866849:1,35.28464127,-120.66087341,3,300.47414427
10866849:1,35.28464127,-120.66087341,4,300.47414427
10866849:1,35.28583908,-120.65886688,5,526.10642104
10866849:1,35.28583908,-120.65886688,6,526.10642104
10866849:1,35.28593445,-120.65871429,7,543.54976618
10866849:1,35.28671646,-120.65938568,8,649.73296031
10866849:1,35.28776550,-120.65933228,9,766.48175393
10866849:1,35.28776550,-120.65846252,10,845.42389929
10866849:1,35.28773880,-120.65821838,11,867.78114746
10866849:1,35.28675079,-120.65731049,12,1005.11323415
10866849:1,35.28686142,-120.65714264,13,1024.69410170
10866849:1,35.28686142,-120.65714264,14,1024.69410170
10866849:1,35.28921127,-120.65319061,15,1468.47296985
10866849:1,35.28942871,-120.65280151,16,1511.27206016
10866849:1,35.28942871,-120.65280151,17,1511.27206016
10866849:1,35.28960037,-120.65251923,18,1543.22176447
10866849:1,35.29019165,-120.65303802,19,1624.09125888
10866849:1,35.29034042,-120.65310669,20,1641.76903827
10866849:1,35.29127121,-120.65310669,21,1745.26773403
10866849:1,35.29127121,-120.65310669,22,1745.26773403
10866849:1,35.29236984,-120.65309906,23,1867.43209145
10866849:1,35.29238129,-120.65325928,24,1882.02881189
10866849:1,35.29203033,-120.65545654,25,2085.23303008
10866849:1,35.29193115,-120.65564728,26,2105.75859162
10866849:1,35.29175949,-120.65648651,27,2184.28230219
10866849:1,35.29133987,-120.65751648,28,2288.75980707
10866849:1,35.29133987,-120.65766144,29,2301.91625038
10866849:1,35.29090118,-120.65852356,30,2394.12256154
10866849:1,35.29088974,-120.65879822,31,2419.08315487
10866849:1,35.29101944,-120.65923309,32,2461.10499990
10866849:1,35.29096985,-120.66029358,33,2557.51300978
10866849:1,35.29130936,-120.66056061,34,2602.37442145
10866849:1,35.29130936,-120.66056061,35,2602.37442145
10866849:1,35.29499817,-120.66381836,36,3108.00708642
10866849:1,35.29636002,-120.66491699,37,3289.31511753
10866849:1,35.29711914,-120.66525269,38,3379.05549154
10866849:1,35.29999924,-120.66612244,39,3708.89123196
10866849:1,35.30134964,-120.66638184,40,3860.88319965
10866849:1,35.30171204,-120.66638947,41,3901.18577044
10866849:1,35.30173492,-120.66637421,42,3904.08313196
10866849:1,35.30195236,-120.66510010,43,4022.20721919
10866849:1,35.30208969,-120.66454315,44,4075.00544344
10866849:1,35.30216217,-120.66413879,45,4112.57472485
10866849:1,35.30224991,-120.66361237,46,4161.33298259
10866849:1,35.30229187,-120.66339874,47,4181.27241678
10866849:1,35.30234909,-120.66304779,48,4213.74988221
10866849:1,35.30234909,-120.66304779,49,4213.74988221
10866849:1,35.30395126,-120.66349030,50,4396.37289385
10866849:1,35.30366898,-120.66446686,51,4490.38689884
10866849:1,35.30310822,-120.66516876,52,4579.52213686
10866849:1,35.30291748,-120.66574860,53,4636.25382337
10866849:1,35.30271912,-120.66655731,54,4712.88551534
10866849:1,35.30221939,-120.66638947,55,4770.50224059
10866849:1,35.30134964,-120.66638184,56,4867.21661486
10866849:1,35.29999924,-120.66612244,57,5019.20858256
10866849:1,35.29711914,-120.66525269,58,5349.04432297
10866849:1,35.29636002,-120.66491699,59,5438.78469699
10866849:1,35.29499817,-120.66381836,60,5620.09272809
10866849:1,35.29428864,-120.66581726,61,5817.91929504
10866849:1,35.29428864,-120.66581726,62,5817.91929504
10866849:1,35.29421997,-120.66600037,63,5836.20742390
10866849:1,35.29404068,-120.66681671,64,5912.93181514
10866849:1,35.29407120,-120.67018127,65,6218.30839697
10866849:1,35.29407120,-120.67018127,66,6218.30839697
10866849:1,35.29407120,-120.67047119,67,6244.62039571
10866849:1,35.29410934,-120.67372131,68,6539.62217761
10866849:1,35.29410934,-120.67372131,69,6539.62217761
10866849:1,35.29410934,-120.67523956,70,6677.41389557
10866849:1,35.29412842,-120.67701721,71,6838.76183785
10866849:1,35.29412842,-120.67701721,72,6838.76183785
10866849:1,35.29412842,-120.67722321,73,6857.45719216
10866849:1,35.29415131,-120.68443298,74,7511.79945005
10866849:1,35.29415131,-120.68443298,75,7511.79945005
10866849:1,35.29413986,-120.68567657,76,7624.67114603
10866849:1,35.29397964,-120.68631744,77,7685.50176931
10866849:1,35.29370880,-120.68672943,78,7733.51295436
10866849:1,35.29206085,-120.68859100,79,7982.75861574
10866849:1,35.29129028,-120.69017792,80,8150.34636304
10866849:1,35.28992844,-120.69219208,81,8387.72701551
10866849:1,35.28807068,-120.69609070,82,8797.46086595
10866849:1,35.28638077,-120.70023346,83,9217.81586739
10866849:1,35.28424072,-120.70310211,84,9570.55223429
10866849:1,35.28271103,-120.70648956,85,9921.93949556
10866849:1,35.28271103,-120.70648956,86,9921.93949556
10866849:1,35.28203964,-120.70796204,87,10075.03233017
10866849:1,35.28131104,-120.70877838,88,10184.82618710
10866849:1,35.27661133,-120.71161652,89,10767.46341705
10866849:1,35.27576065,-120.71067047,90,10895.22371581
10866849:1,35.27413177,-120.70924377,91,11117.88744999
10866849:1,35.27413177,-120.70924377,92,11117.88744999
10866849:1,35.27272034,-120.70796967,93,11312.84838602
10866849:1,35.26842117,-120.70419312,94,11901.12714230
10866849:1,35.26729965,-120.70290375,95,12072.16601554
10866849:1,35.26716995,-120.70285034,96,12087.38117565
10866849:1,35.26697922,-120.70262909,97,12116.59238563
10866849:1,35.26697922,-120.70262909,98,12116.59238563
10866849:1,35.26469040,-120.69989777,99,12471.92811961
10866849:1,35.26469040,-120.69989777,100,12471.92811961
10866849:1,35.26343918,-120.69843292,101,12664.39738982
10866849:1,35.26340866,-120.69828033,102,12678.66059824
10866849:1,35.26195908,-120.69657135,103,12902.39362199
10866849:1,35.26171875,-120.69628906,104,12939.42071245
10866849:1,35.26171875,-120.69628906,105,12939.42071245
10866849:1,35.26007843,-120.69432068,106,13194.77944047
10866849:1,35.26007843,-120.69432068,107,13194.77944047
10866849:1,35.25825882,-120.69214630,108,13477.47127446
10866849:1,35.25769043,-120.69165039,109,13555.07263620
10866849:1,35.25769043,-120.69165039,110,13555.07263620
10866849:1,35.25677109,-120.69090271,111,13677.78770634
10866849:1,35.25659180,-120.69082642,112,13698.89320343
10866849:1,35.25947189,-120.68405914,113,14391.79376812
10866849:1,35.25947189,-120.68405914,114,14391.79376812
10866849:1,35.26126099,-120.68005371,115,14806.32233438
10866849:1,35.26088715,-120.67961121,116,14864.13382233
10866849:1,35.26071930,-120.67916870,117,14908.43414407
10866849:1,35.26155090,-120.67820740,118,15035.59003229
10866849:1,35.26155090,-120.67820740,119,15035.59003229
10866849:1,35.26195908,-120.67774963,120,15097.13141150
10866849:1,35.26242828,-120.67839050,121,15175.28330077
10866849:1,35.26388931,-120.67646027,122,15414.25042025
10866849:1,35.26388931,-120.67646027,123,15414.25042025
10866849:1,35.26451111,-120.67559814,124,15518.68694053
10866849:1,35.26467896,-120.67548370,125,15540.04783404
10866849:1,35.26795959,-120.67092896,126,16091.47184187
10866849:1,35.26824951,-120.67040253,127,16149.12038348
10866849:1,35.26951981,-120.67030334,128,16290.65735919
10866849:1,35.26950836,-120.66871643,129,16434.73023482
10866849:1,35.26950836,-120.66871643,130,16434.73023482
10866849:1,35.26951981,-120.66815186,131,16486.00072593
10866849:1,35.26950836,-120.66480255,132,16790.06841401
10866849:1,35.26945877,-120.66468048,133,16802.44662809
10866849:1,35.26948166,-120.66200256,134,17045.57357491
10866849:1,35.26948166,-120.66200256,135,17045.57357491
10866849:1,35.26948166,-120.66076660,136,17157.77984784
10866849:1,35.26951981,-120.66058350,137,17174.93564799
10866849:1,35.26950836,-120.65901947,138,17316.93071275
10866849:1,35.26950836,-120.65901947,139,17316.93071275
10866849:1,35.26947021,-120.65814972,140,17396.00452702
10866849:1,35.26950073,-120.65695190,141,17504.80057201
10866849:1,35.26977921,-120.65646362,142,17558.87290268
10866849:1,35.27048874,-120.65630341,143,17639.09899696
10866849:1,35.27243042,-120.65615845,144,17855.40474030
10866849:1,35.27243042,-120.65615845,145,17855.40474030
10866849:1,35.27431870,-120.65614319,146,18065.37592587
10866849:1,35.27573013,-120.65644836,147,18224.74696627
10866849:1,35.27573013,-120.65644836,148,18224.74696627
10866849:1,35.27606964,-120.65651703,149,18263.00966260
10866849:1,35.27606964,-120.65624237,150,18287.94236206
10866849:1,35.27544022,-120.65561676,151,18378.07394291
10866849:1,35.27529907,-120.65563202,152,18393.82942446
10866849:1,35.27524948,-120.65551758,153,18405.59092397
10866849:1,35.27526093,-120.65545654,154,18411.27583242
10866849:1,35.27611900,-120.65488400,155,18519.92688754
10866849:1,35.27667999,-120.65470123,156,18584.47507665
10866849:1,35.27748108,-120.65540314,157,18693.99406390
10866849:1,35.27748108,-120.65540314,158,18693.99406390
10866849:1,35.27811813,-120.65599823,159,18783.07851529
10866849:1,35.27878952,-120.65659332,160,18875.22741113
10866849:1,35.27878952,-120.65659332,161,18875.22741113
10866849:1,35.28118896,-120.65873718,162,19205.46407155
10866849:1,35.28176880,-120.65924072,163,19284.49630579
10866849:1,35.28176880,-120.65924072,164,19284.49630579
10866849:1,35.28258896,-120.65995026,165,19396.14289350
10866849:1,35.28347015,-120.66072845,166,19516.93392312
10866849:1,35.28266907,-120.66213989,167,19672.97300883
10866849:1,35.28295135,-120.66239166,168,19711.79991978
10866849:1,35.28292800,-120.66243000,169,19716.14199843
10866897:1,35.28292800,-120.66243000,0,0.00000000
10866897:1,35.28295135,-120.66239166,1,4.34207865
10866897:1,35.28179169,-120.66136169,2,163.61649568
10866897:1,35.28258896,-120.65995026,3,319.41496938
10866897:1,35.28105164,-120.65859985,4,529.76344704
10866897:1,35.28094864,-120.65852356,5,543.14720847
10866897:1,35.28094864,-120.65852356,6,543.14720847
10866897:1,35.27973175,-120.65743256,7,710.82792797
10866897:1,35.27973175,-120.65743256,8,710.82792797
10866897:1,35.27965927,-120.65735626,9,721.45404816
10866897:1,35.27885056,-120.65872192,10,874.60137486
10866897:1,35.27650833,-120.65663910,11,1196.43666248
10866897:1,35.27528209,-120.65638040,12,1334.79603540
10866897:1,35.27431870,-120.65614319,13,1444.06354075
10866897:1,35.27256012,-120.65615845,14,1639.61311389
10866897:1,35.27256012,-120.65615845,15,1639.61311389
10866897:1,35.27246857,-120.65615845,16,1649.79331347
10866897:1,35.27056885,-120.65632629,17,1861.58131223
10866897:1,35.26996994,-120.65646362,18,1929.33372223
10866897:1,35.26977158,-120.65661621,19,1955.38000857
10866897:1,35.26956940,-120.65705872,20,2001.41520441
10866897:1,35.26956177,-120.65873718,21,2153.79629725
10866897:1,35.26950836,-120.65904236,22,2182.13082025
10866897:1,35.26950836,-120.65904236,23,2182.13082025
10866897:1,35.26950836,-120.65939331,24,2213.99185021
10866897:1,35.26951981,-120.66058350,25,2322.04978509
10866897:1,35.26956940,-120.66076660,26,2339.56366428
10866897:1,35.26956940,-120.66149902,27,2406.05619845
10866897:1,35.26956940,-120.66149902,28,2406.05619845
10866897:1,35.26955032,-120.66468811,29,2695.58357651
10866897:1,35.26950836,-120.66480255,30,2706.97268571
10866897:1,35.26950836,-120.66902924,31,3090.69030739
10866897:1,35.26952362,-120.66915131,32,3101.90153613
10866897:1,35.26952362,-120.66915894,33,3102.59416708
10866897:1,35.26951981,-120.66925812,34,3111.60835532
10866897:1,35.26951981,-120.67030334,35,3206.49880070
10866897:1,35.26858902,-120.67037201,36,3310.18505448
10866897:1,35.26795959,-120.67092896,37,3396.52764512
10866897:1,35.26467896,-120.67548370,38,3947.95165295
10866897:1,35.26422882,-120.67623138,39,4032.29170574
10866897:1,35.26422501,-120.67623138,40,4032.71588072
10866897:1,35.26136017,-120.68015289,41,4510.46411641
10866897:1,35.26095963,-120.67964172,42,4574.78871194
10866897:1,35.26071167,-120.67919159,43,4624.08886960
10866897:1,35.26155090,-120.67820740,44,4753.29146146
10866897:1,35.26155090,-120.67820740,45,4753.29146146
10866897:1,35.26195908,-120.67774963,46,4814.83284066
10866897:1,35.26256180,-120.67852783,47,4912.21722574
10866897:1,35.26137161,-120.68013763,48,5109.38960283
10866897:1,35.26097870,-120.68061829,49,5171.14143873
10866897:1,35.25963974,-120.68363953,50,5483.25442828
10866897:1,35.25946045,-120.68406677,51,5526.86957107
10866897:1,35.25946045,-120.68406677,52,5526.86957107
10866897:1,35.25664902,-120.69071960,53,6207.02945514
10866897:1,35.25677109,-120.69090271,54,6228.49242064
10866897:1,35.25794983,-120.69185638,55,6385.58320478
10866897:1,35.25794983,-120.69185638,56,6385.58320478
10866897:1,35.25825882,-120.69214630,57,6428.86623291
10866897:1,35.25962830,-120.69380188,58,6642.84077459
10866897:1,35.25968933,-120.69386292,59,6651.60269997
10866897:1,35.25968933,-120.69386292,60,6651.60269997
10866897:1,35.26094055,-120.69535828,61,6846.00120582
10866897:1,35.26237106,-120.69705963,62,7067.72936765
10866897:1,35.26237106,-120.69705963,63,7067.72936765
10866897:1,35.26340866,-120.69828033,64,7227.71318811
10866897:1,35.26351929,-120.69833374,65,7240.93540784
10866897:1,35.26520157,-120.70030975,66,7500.12117689
10866897:1,35.26520157,-120.70030975,67,7500.12117689
10866897:1,35.26725006,-120.70275116,68,7817.94779266
10866897:1,35.26729965,-120.70290375,69,7832.85795482
10866897:1,35.26739883,-120.70301819,70,7848.00970945
10866897:1,35.26748590,-120.70291786,71,7861.30219791
10866897:1,35.26842117,-120.70419312,72,8016.92844271
10866897:1,35.27386093,-120.70899963,73,8762.76505217
10866897:1,35.27386093,-120.70899963,74,8762.76505217
10866897:1,35.27576065,-120.71067047,75,9022.81825535
10866897:1,35.27661133,-120.71161652,76,9150.57855411
10866897:1,35.28131104,-120.70877838,77,9733.21578406
10866897:1,35.28203964,-120.70796204,78,9843.00964099
10866897:1,35.28271103,-120.70649719,79,9995.49824916
10866897:1,35.28271103,-120.70649719,80,9995.49824916
10866897:1,35.28424072,-120.70310211,81,10347.49164005
10866897:1,35.28638077,-120.70023346,82,10700.22800695
10866897:1,35.28807068,-120.69609070,83,11120.58300839
10866897:1,35.28992844,-120.69219208,84,11530.31685884
10866897:1,35.29129028,-120.69017792,85,11767.69751131
10866897:1,35.29206085,-120.68859100,86,11935.28525860
10866897:1,35.29370880,-120.68672943,87,12184.53091998
10866897:1,35.29397964,-120.68631744,88,12232.54210503
10866897:1,35.29415131,-120.68553162,89,12306.37163495
10866897:1,35.29415131,-120.68208313,90,12619.34562604
10866897:1,35.29415131,-120.68208313,91,12619.34562604
10866897:1,35.29415131,-120.67800140,92,12989.79050488
10866897:1,35.29288864,-120.67801666,93,13130.19925369
10866897:1,35.29290009,-120.67746735,94,13180.07052960
10866897:1,35.29290009,-120.67746735,95,13180.07052960
10866897:1,35.29290009,-120.67485809,96,13416.88194462
10866897:1,35.29280090,-120.67436218,97,13463.22148523
10866897:1,35.29277039,-120.67402649,98,13493.87688908
10866897:1,35.29277039,-120.67402649,99,13493.87688908
10866897:1,35.29278183,-120.67172241,100,13702.99525469
10866897:1,35.29410172,-120.67167664,101,13849.81858978
10866897:1,35.29407883,-120.66989899,102,14011.17272220
10866897:1,35.29407120,-120.66989899,103,14012.02107216
10866897:1,35.29404068,-120.66681671,104,14291.77979810
10866897:1,35.29415894,-120.66622162,105,14347.36630769
10866897:1,35.29415894,-120.66622162,106,14347.36630769
10866897:1,35.29499817,-120.66381836,107,14584.60218363
10866897:1,35.29636002,-120.66491699,108,14765.91021474
10866897:1,35.29711914,-120.66525269,109,14855.65058875
10866897:1,35.29999924,-120.66612244,110,15185.48632917
10866897:1,35.30134964,-120.66638184,111,15337.47829686
10866897:1,35.30169296,-120.66635895,112,15375.71050836
10866897:1,35.30207062,-120.66456604,113,15543.74557065
10866897:1,35.30231094,-120.66325378,114,15665.79158756
10866897:1,35.30231094,-120.66323853,115,15667.17628860
10866897:1,35.30234909,-120.66304779,116,15684.99721954
10866897:1,35.30396652,-120.66345978,117,15868.69219752
10866897:1,35.30374146,-120.66430664,118,15949.51393780
10866897:1,35.30310822,-120.66516876,119,16054.76905271
10866897:1,35.30271912,-120.66655731,120,16187.99690838
10866897:1,35.30221939,-120.66638947,121,16245.61363364
10866897:1,35.30110931,-120.66635132,122,16369.09708752
10866897:1,35.29999924,-120.66612244,123,16494.26742153
10866897:1,35.29851913,-120.66567993,124,16663.67578544
10866897:1,35.29711914,-120.66525269,125,16824.10410521
10866897:1,35.29636002,-120.66491699,126,16913.84447922
10866897:1,35.29558945,-120.66432953,127,17014.76099244
10866897:1,35.29251862,-120.66162872,128,17435.09170610
10866897:1,35.29244995,-120.66162872,129,17442.72685579
10866897:1,35.29209137,-120.66132355,130,17491.27540115
10866897:1,35.29209137,-120.66132355,131,17491.27540115
10866897:1,35.29005051,-120.65959167,132,17767.32995218
10866897:1,35.28966141,-120.65908051,133,17830.76806991
10866897:1,35.28955841,-120.65889740,134,17850.95115040
10866897:1,35.28947067,-120.65865326,135,17875.16248836
10866897:1,35.28940964,-120.65862274,136,17882.49274608
10866897:1,35.28921127,-120.65812683,137,17932.61676154
10866897:1,35.29066086,-120.65795898,138,18094.52155346
10866897:1,35.29106903,-120.65760803,139,18149.97012950
10866897:1,35.29143143,-120.65686798,140,18228.29795267
10866897:1,35.29164124,-120.65621185,141,18292.25483267
10866897:1,35.29169083,-120.65538025,142,18367.93213444
10866897:1,35.29164886,-120.65444946,143,18452.53876226
10866897:1,35.29156113,-120.65390778,144,18502.66080293
10866897:1,35.29138947,-120.65326691,145,18563.87796589
10866897:1,35.29109955,-120.65325928,146,18596.12270045
10866897:1,35.29108047,-120.65325928,147,18598.24357536
10866897:1,35.29040909,-120.65323639,148,18672.92726891
10866897:1,35.29021835,-120.65316772,149,18695.03269453
10866897:1,35.28953934,-120.65261078,150,18785.89502018
10866897:1,35.28924942,-120.65312195,151,18842.39041053
10866897:1,35.28924942,-120.65312195,152,18842.39041053
10866897:1,35.28684998,-120.65715027,153,19295.01329821
10866897:1,35.28684998,-120.65715027,154,19295.01329821
10866897:1,35.28675079,-120.65730286,155,19312.71759447
10866897:1,35.28773880,-120.65821075,156,19450.04968116
10866897:1,35.28776550,-120.65842438,157,19469.66501523
10866897:1,35.28776550,-120.65933228,158,19552.06953539
10866897:1,35.28672409,-120.65938568,159,19667.97071593
10866897:1,35.28631592,-120.65904236,160,19723.02537688
10866897:1,35.28593063,-120.65871429,161,19775.19893646
10866897:1,35.28582001,-120.65889740,162,19795.87582585
10866897:1,35.28582001,-120.65889740,163,19795.87582585
10866897:1,35.28554153,-120.65936279,164,19848.25147729
10866897:1,35.28348923,-120.66287231,165,20240.10981065
10866897:1,35.28295135,-120.66239166,166,20314.14029166
10866897:1,35.28292800,-120.66243000,167,20318.48237032
10866892:1,35.28292800,-120.66243000,0,0.00000000
10866892:1,35.28295135,-120.66239166,1,4.34207865
10866892:1,35.28348923,-120.66287231,2,78.37255966
10866892:1,35.28430176,-120.66143799,3,236.84281386
10866892:1,35.28118896,-120.65873718,4,660.99246794
10866892:1,35.28239822,-120.65676117,5,885.16194941
10866892:1,35.28239822,-120.65676117,6,885.16194941
10866892:1,35.28298187,-120.65590668,7,986.29415691
10866892:1,35.28150177,-120.65441895,8,1199.18576546
10866892:1,35.28060913,-120.65345001,9,1331.80336127
10866892:1,35.28052139,-120.65306091,10,1368.44537896
10866892:1,35.28044891,-120.65199280,11,1465.73497644
10866892:1,35.28036118,-120.65168762,12,1495.10424660
10866892:1,35.27859879,-120.65012360,13,1737.09558027
10866892:1,35.27852308,-120.65019791,14,1747.88320615
10866892:1,35.27856064,-120.65009308,15,1758.27525526
10866892:1,35.27487183,-120.64679718,16,2265.97595570
10866892:1,35.27487183,-120.64679718,17,2265.97595570
10866892:1,35.27429962,-120.64629364,18,2344.31991116
10866892:1,35.27175903,-120.64407349,19,2691.34685731
10866892:1,35.27175903,-120.64407349,20,2691.34685731
10866892:1,35.27154160,-120.64385986,21,2722.34151799
10866892:1,35.26982880,-120.64235687,22,2956.62883382
10866892:1,35.26982880,-120.64235687,23,2956.62883382
10866892:1,35.26961899,-120.64211273,24,2988.80833465
10866892:1,35.26940155,-120.64176178,25,3028.80457959
10866892:1,35.26921082,-120.64131927,26,3074.23207265
10866892:1,35.26845169,-120.63858032,27,3336.82550457
10866892:1,35.26834869,-120.63835907,28,3359.94768969
10866892:1,35.26644135,-120.63979340,29,3608.82083439
10866892:1,35.26644135,-120.63979340,30,3608.82083439
10866892:1,35.26572037,-120.64031219,31,3701.80242099
10866892:1,35.26504135,-120.64083099,32,3790.79263906
10866892:1,35.26504135,-120.64083099,33,3790.79263906
10866892:1,35.26334381,-120.64205933,34,4010.03325661
10866892:1,35.26334000,-120.64206696,35,4010.84549750
10866892:1,35.26321030,-120.64217377,36,4028.22467201
10866892:1,35.26132965,-120.64357758,37,4273.12333533
10866892:1,35.26137924,-120.64317322,38,4310.24828678
10866892:1,35.26137924,-120.64312744,39,4314.40449026
10866892:1,35.26142883,-120.63996887,40,4601.23545299
10866892:1,35.26142120,-120.63990784,41,4606.84161433
10866892:1,35.26129150,-120.63990784,42,4621.26356374
10866892:1,35.26123047,-120.63980103,43,4633.10030346
10866892:1,35.26126099,-120.63966370,44,4646.02245194
10866892:1,35.26140976,-120.63961792,45,4663.07938843
10866892:1,35.26144028,-120.63780975,46,4827.28440026
10866892:1,35.26144028,-120.63777161,47,4830.74790055
10866892:1,35.26144028,-120.63584137,48,5006.00101529
10866892:1,35.25883865,-120.63310242,49,5387.48568602
10866892:1,35.25883865,-120.63310242,50,5387.48568602
10866892:1,35.25854111,-120.63278961,51,5431.08975456
10866892:1,35.25841904,-120.63295746,52,5451.49805973
10866892:1,35.25825119,-120.63333893,53,5490.84280556
10866892:1,35.25806046,-120.63423920,54,5575.29132516
10866892:1,35.25733185,-120.63561249,55,5723.99189804
10866892:1,35.25685883,-120.63629150,56,5805.03315608
10866892:1,35.25690842,-120.63636017,57,5813.35650276
10866892:1,35.25688934,-120.63649750,58,5826.00488396
10866892:1,35.25674057,-120.63652802,59,5842.77817364
10866892:1,35.25588989,-120.63819122,60,6020.97454463
10866892:1,35.25588989,-120.63819122,61,6020.97454463
10866892:1,35.25556183,-120.63877869,62,6085.59694203
10866892:1,35.25532150,-120.63884735,63,6113.03764653
10866892:1,35.25518036,-120.63878632,64,6129.68188132
10866892:1,35.25302124,-120.63700867,65,6418.98148107
10866892:1,35.25275040,-120.63671112,66,6459.44108578
10866892:1,35.25268936,-120.63655090,67,6475.49451863
10866892:1,35.25268173,-120.63594055,68,6530.92300192
10866892:1,35.25260925,-120.63568115,69,6555.81799101
10866892:1,35.25254822,-120.63556671,70,6568.22954890
10866892:1,35.25230026,-120.63527679,71,6606.35059575
10866892:1,35.25094986,-120.63417816,72,6786.62716929
10866892:1,35.25088120,-120.63410187,73,6796.93693702
10866892:1,35.25067139,-120.63368988,74,6841.02586639
10866892:1,35.25067139,-120.63368988,75,6841.02586639
10866892:1,35.25035095,-120.63332367,76,6889.76374633
10866892:1,35.25014877,-120.63330078,77,6912.34088913
10866892:1,35.24969864,-120.63452148,78,7033.96528224
10866892:1,35.24961090,-120.63501740,79,7080.04201863
10866892:1,35.24954987,-120.63590240,80,7160.69304602
10866892:1,35.24966812,-120.63717651,81,7277.13568195
10866892:1,35.24979000,-120.63722200,82,7291.30343626
10866892:1,35.24967957,-120.63723755,83,7303.66410658
10866892:1,35.24980164,-120.63835144,84,7405.71960064
10866892:1,35.24979019,-120.63896942,85,7461.85079281
10866892:1,35.24969864,-120.63945007,86,7506.66869996
10866892:1,35.24919891,-120.64080048,87,7641.29719312
10866892:1,35.24919891,-120.64080048,88,7641.29719312
10866892:1,35.24834824,-120.64302826,89,7864.61929820
10866892:1,35.24731827,-120.64244843,90,7990.67062951
10866892:1,35.24731827,-120.64244843,91,7990.67062951
10866892:1,35.24467087,-120.64114380,92,8307.99417353
10866892:1,35.24386978,-120.64054871,93,8412.18251215
10866892:1,35.24386978,-120.64054871,94,8412.18251215
10866892:1,35.24314117,-120.63996124,95,8509.18773771
10866892:1,35.24097061,-120.63797760,96,8810.36004844
10866892:1,35.24074173,-120.63838196,97,8855.03962407
10866892:1,35.24071121,-120.63910675,98,8920.95035818
10866892:1,35.24058151,-120.63941956,99,8952.80952341
10866892:1,35.23995972,-120.64022064,100,9053.17554501
10866892:1,35.23986053,-120.64025116,101,9064.54701448
10866892:1,35.23963165,-120.64012909,102,9092.30725584
10866892:1,35.23947906,-120.63993835,103,9116.55466559
10866892:1,35.23939896,-120.63967896,104,9141.74067745
10866892:1,35.23939896,-120.63754272,105,9335.74943345
10866892:1,35.23939896,-120.63753510,106,9336.44232187
10866892:1,35.23940277,-120.63734436,107,9353.76972450
10866892:1,35.23943710,-120.63716125,108,9370.83161428
10866892:1,35.23949051,-120.63719177,109,9377.38498615
10866892:1,35.23968506,-120.63721466,110,9399.11754778
10866892:1,35.24028015,-120.63774872,111,9481.16064050
10866892:1,35.24031448,-120.63781738,112,9488.47232013
10866892:1,35.24036789,-120.63844299,113,9545.59801154
10866892:1,35.24042511,-120.63853455,114,9556.06772404
10866892:1,35.24050903,-120.63858032,115,9566.28370950
10866892:1,35.24071503,-120.63858032,116,9589.18915856
10866892:1,35.24072647,-120.63838959,117,9606.55776561
10866892:1,35.24097061,-120.63796234,118,9653.91272822
10866892:1,35.24312592,-120.63993835,119,9953.31125363
10866892:1,35.24388504,-120.64054871,120,10054.29382393
10866892:1,35.24467087,-120.64112854,121,10156.31325275
10866892:1,35.24669647,-120.64212036,122,10398.89108630
10866892:1,35.24721146,-120.64237213,123,10460.55021232
10866892:1,35.24771118,-120.64263916,124,10521.17761168
10866892:1,35.24870300,-120.64321899,125,10643.38773054
10866892:1,35.25016022,-120.64408112,126,10823.34355434
10866892:1,35.25019455,-120.64398193,127,10833.12559179
10866892:1,35.25023300,-120.64389000,128,10842.50488973
10866892:1,35.25016022,-120.64408112,129,10861.65367618
10866892:1,35.25181961,-120.64495850,130,11062.63534323
10866892:1,35.25466156,-120.64611053,131,11395.50985945
10866892:1,35.25466156,-120.64611053,132,11395.50985945
10866892:1,35.25616837,-120.64679718,133,11574.28327814
10866892:1,35.25635147,-120.64682007,134,11594.74946749
10866892:1,35.25791931,-120.64765167,135,11784.73504117
10866892:1,35.25791931,-120.64765167,136,11784.73504117
10866892:1,35.25936127,-120.64851379,137,11963.16075664
10866892:1,35.26039886,-120.64922333,138,12095.30373454
10866892:1,35.26126862,-120.64987183,139,12208.52934487
10866892:1,35.26145935,-120.65003967,140,12234.64544772
10866892:1,35.26147842,-120.65013123,141,12243.22414617
10866892:1,35.26266861,-120.65100098,142,12397.33572707
10866892:1,35.26266861,-120.65100098,143,12397.33572707
10866892:1,35.26480865,-120.65261078,144,12676.59804427
10866892:1,35.26480865,-120.65261078,145,12676.59804427
10866892:1,35.26797104,-120.65512085,146,13095.62397988
10866892:1,35.26805115,-120.65509796,147,13104.77080815
10866892:1,35.26884079,-120.65573883,148,13210.10219068
10866892:1,35.26884079,-120.65573883,149,13210.10219068
10866892:1,35.26977921,-120.65646362,150,13333.46329067
10866892:1,35.27016068,-120.65685272,151,13388.66318210
10866892:1,35.27016068,-120.65686035,152,13389.35580761
10866892:1,35.27220154,-120.65849304,153,13660.40567742
10866892:1,35.27452850,-120.66056824,154,13980.46726328
10866892:1,35.27452850,-120.66056824,155,13980.46726328
10866892:1,35.27811813,-120.66380310,156,14475.99777442
10866892:1,35.27920914,-120.66200256,157,14679.54269761
10866892:1,35.27920914,-120.66200256,158,14679.54269761
10866892:1,35.28036880,-120.66010284,159,14894.86703410
10866892:1,35.28047180,-120.65991211,160,14915.62565304
10866892:1,35.28047943,-120.65991211,161,14916.47400300
10866892:1,35.28118896,-120.65873718,162,15049.13502157
10866892:1,35.28176880,-120.65924072,163,15128.16725581
10866892:1,35.28176880,-120.65924072,164,15128.16725581
10866892:1,35.28258896,-120.65995026,165,15239.81384351
10866892:1,35.28179169,-120.66136169,166,15395.61231722
10866892:1,35.28295135,-120.66239166,167,15554.88673424
10866892:1,35.28292800,-120.66243000,168,15559.22881290
10866895:1,35.28292800,-120.66243000,0,0.00000000
10866895:1,35.28295135,-120.66239166,1,4.34207865
10866895:1,35.28268051,-120.66213989,2,42.14765786
10866895:1,35.27973938,-120.66715240,3,602.48057248
10866895:1,35.27864838,-120.66615295,4,753.96624711
10866895:1,35.27864838,-120.66615295,5,753.96624711
10866895:1,35.27848053,-120.66599274,6,777.62741247
10866895:1,35.27737045,-120.66503906,7,928.39387165
10866895:1,35.27605057,-120.66381836,8,1112.29312631
10866895:1,35.27605057,-120.66381836,9,1112.29312631
10866895:1,35.27587128,-120.66365814,10,1136.97072164
10866895:1,35.27339123,-120.66787166,11,1608.51416291
10866895:1,35.27219009,-120.66980743,12,1829.23971004
10866895:1,35.27114105,-120.67002106,13,1947.48893149
10866895:1,35.27109909,-120.67002869,14,1952.20598279
10866895:1,35.26951981,-120.67030334,15,2129.57580296
10866895:1,35.26720810,-120.67043304,16,2386.89539207
10866895:1,35.26720810,-120.67043304,17,2386.89539207
10866895:1,35.26406860,-120.67048645,18,2736.02507297
10866895:1,35.26367950,-120.67041779,19,2779.73774609
10866895:1,35.26354980,-120.67070007,20,2809.14606562
10866895:1,35.25975037,-120.67304230,21,3282.12754573
10866895:1,35.25872040,-120.67350769,22,3404.20148663
10866895:1,35.25669861,-120.67417908,23,3637.13267856
10866895:1,35.25650024,-120.67373657,24,3682.96790432
10866895:1,35.25616074,-120.67286682,25,3770.50008221
10866895:1,35.25616074,-120.67286682,26,3770.50008221
10866895:1,35.25497055,-120.66979218,27,4079.45819988
10866895:1,35.25461960,-120.66899872,28,4161.39481634
10866895:1,35.25407028,-120.66931915,29,4229.05194432
10866895:1,35.25407028,-120.66931915,30,4229.05194432
10866895:1,35.25310135,-120.66989136,31,4348.66628087
10866895:1,35.25148010,-120.67086029,32,4549.26495374
10866895:1,35.25148010,-120.67086029,33,4549.26495374
10866895:1,35.24843979,-120.67269135,34,4926.00868733
10866895:1,35.24843979,-120.67269135,35,4926.00868733
10866895:1,35.24679947,-120.67366028,36,5128.51769085
10866895:1,35.24426270,-120.67521667,37,5444.02309509
10866895:1,35.24426270,-120.67523956,38,5446.10163567
10866895:1,35.24206161,-120.67660522,39,5720.47971702
10866895:1,35.24221039,-120.67697144,40,5757.62440398
10866895:1,35.24234009,-120.67733002,41,5793.23965115
10866895:1,35.24240494,-120.67772675,42,5829.98306005
10866895:1,35.24241257,-120.67837524,43,5888.88249940
10866895:1,35.24243164,-120.67839813,44,5891.85211848
10866895:1,35.24246979,-120.67932129,45,5975.79570013
10866895:1,35.24256897,-120.68006134,46,6043.90215420
10866895:1,35.24277878,-120.68064880,47,6102.13033384
10866895:1,35.24317169,-120.68129730,48,6175.45968627
10866895:1,35.24351120,-120.68161011,49,6222.70523046
10866895:1,35.24398041,-120.68186951,50,6279.95037060
10866895:1,35.24700928,-120.68321991,51,6638.37671450
10866895:1,35.24700928,-120.68321991,52,6638.37671450
10866895:1,35.24768066,-120.68356323,53,6719.27998555
10866895:1,35.24837875,-120.68399811,54,6806.37179528
10866895:1,35.24929810,-120.68469238,55,6926.47560811
10866895:1,35.25040817,-120.68566132,56,7078.05933063
10866895:1,35.25064087,-120.68576050,57,7105.45663772
10866895:1,35.25064087,-120.68576050,58,7105.45663772
10866895:1,35.25342941,-120.68820190,59,7486.62711458
10866895:1,35.25540161,-120.68981171,60,7750.17631719
10866895:1,35.25664902,-120.69071960,61,7911.52986156
10866895:1,35.25677109,-120.69090271,62,7932.99282706
10866895:1,35.25777817,-120.69172668,63,8067.66785780
10866895:1,35.25794983,-120.69185638,64,8090.09621096
10866895:1,35.25794983,-120.69185638,65,8090.09621096
10866895:1,35.25825882,-120.69214630,66,8133.37923909
10866895:1,35.25962830,-120.69380188,67,8347.35378077
10866895:1,35.25968933,-120.69386292,68,8356.11570615
10866895:1,35.25968933,-120.69386292,69,8356.11570615
10866895:1,35.26094055,-120.69535828,70,8550.51421200
10866895:1,35.26237106,-120.69705963,71,8772.24237383
10866895:1,35.26237106,-120.69705963,72,8772.24237383
10866895:1,35.26340866,-120.69828033,73,8932.22619429
10866895:1,35.26351929,-120.69833374,74,8945.44841402
10866895:1,35.26182938,-120.70049286,75,9216.99618346
10866895:1,35.26174164,-120.70063019,76,9232.82794595
10866895:1,35.26174164,-120.70063019,77,9232.82794595
10866895:1,35.26165009,-120.70076752,78,9248.92457587
10866895:1,35.26203918,-120.70118713,79,9306.57364424
10866895:1,35.26272964,-120.70162964,80,9393.22597044
10866895:1,35.26308823,-120.70195770,81,9442.99535744
10866895:1,35.26308823,-120.70195770,82,9442.99535744
10866895:1,35.26316833,-120.70205688,83,9455.66165638
10866895:1,35.26369858,-120.70149994,84,9533.33549937
10866895:1,35.26480103,-120.70004272,85,9713.69917240
10866895:1,35.26469040,-120.69989777,86,9731.71367071
10866895:1,35.26469040,-120.69989777,87,9731.71367071
10866895:1,35.26345825,-120.69844818,88,9921.69312480
10866895:1,35.26340866,-120.69828033,89,9937.89914693
10866895:1,35.26253891,-120.69725800,90,10071.94672337
10866895:1,35.26171875,-120.69631195,91,10197.22560689
10866895:1,35.26171875,-120.69628906,92,10199.30369992
10866895:1,35.26007843,-120.69432068,93,10454.66242794
10866895:1,35.26007843,-120.69432068,94,10454.66242794
10866895:1,35.25825882,-120.69214630,95,10737.35426193
10866895:1,35.25769043,-120.69165039,96,10814.95562367
10866895:1,35.25769043,-120.69165039,97,10814.95562367
10866895:1,35.25677109,-120.69090271,98,10937.67069381
10866895:1,35.25659180,-120.69082642,99,10958.77619090
10866895:1,35.25947189,-120.68405914,100,11651.67675559
10866895:1,35.25947189,-120.68405914,101,11651.67675559
10866895:1,35.26124954,-120.68004608,102,12066.20489848
10866895:1,35.26085663,-120.67949677,103,12132.50948423
10866895:1,35.26071930,-120.67920685,104,12162.94092496
10866895:1,35.26155090,-120.67820740,105,12292.49867438
10866895:1,35.26155090,-120.67820740,106,12292.49867438
10866895:1,35.26195908,-120.67774963,107,12354.04005359
10866895:1,35.26242828,-120.67839050,108,12432.19194286
10866895:1,35.26388931,-120.67646027,109,12671.15906234
10866895:1,35.26388931,-120.67646027,110,12671.15906234
10866895:1,35.26451111,-120.67559814,111,12775.59558262
10866895:1,35.26467896,-120.67548370,112,12796.95647613
10866895:1,35.26795959,-120.67092896,113,13348.38048396
10866895:1,35.26824951,-120.67040253,114,13406.02902556
10866895:1,35.26988983,-120.67024994,115,13588.94955941
10866895:1,35.27040863,-120.67015076,116,13647.33582839
10866895:1,35.27040863,-120.67015076,117,13647.33582839
10866895:1,35.27056122,-120.67012787,118,13664.42958754
10866895:1,35.27474976,-120.66935730,119,14135.39776138
10866895:1,35.27508163,-120.66883087,120,14195.77635659
10866895:1,35.27508163,-120.66883087,121,14195.77635659
10866895:1,35.27576065,-120.66773987,122,14320.31330634
10866895:1,35.27777863,-120.66436768,123,14699.86162528
10866895:1,35.27777863,-120.66436768,124,14699.86162528
10866895:1,35.27845001,-120.66329956,125,14822.23074795
10866895:1,35.27920914,-120.66200256,126,14967.09764969
10866895:1,35.27920914,-120.66200256,127,14967.09764969
10866895:1,35.28036880,-120.66010284,128,15182.42198619
10866895:1,35.28047943,-120.65991211,129,15203.66043638
10866895:1,35.28047943,-120.65991211,130,15203.66043638
10866895:1,35.28118896,-120.65873718,131,15336.32145494
10866895:1,35.28176880,-120.65924072,132,15415.35368918
10866895:1,35.28176880,-120.65924072,133,15415.35368918
10866895:1,35.28348923,-120.66075134,134,15650.72224084
10866895:1,35.28429031,-120.66145325,135,15760.23811136
10866895:1,35.28348160,-120.66286469,136,15916.76198021
10866895:1,35.28295135,-120.66239166,137,15989.69899202
10866895:1,35.28292800,-120.66243000,138,15994.04107068
